5.000 -0.240 0.550 0.225 0.000
5.100 -0.240 0.550 0.225 0.000
5.200 -0.240 0.550 0.225 0.000
5.300 -0.240 0.550 0.225 0.000
5.400 -0.240 0.550 0.225 0.000
5.751 -0.240 0.551 0.200 0.000
6.100 -0.240 0.550 0.175 0.000
6.446 -0.239 0.549 0.150 0.000
7.550 -0.239 0.549 0.050 0.000
9.550 -0.239 0.549 0.050 1.000
10.550 -0.239 0.549 0.050 1.000
11.550 -0.239 0.549 0.050 1.000
13.647 -0.239 0.548 0.150 1.000
14.203 -0.193 0.549 0.150 1.000
14.775 -0.146 0.549 0.150 1.000
15.338 -0.100 0.549 0.150 1.000
15.438 -0.100 0.549 0.150 1.000
17.438 -0.100 0.549 0.150 0.000
18.438 -0.100 0.549 0.150 0.000
19.438 -0.100 0.549 0.150 0.000
20.538 -0.100 0.549 0.150 0.000
20.638 -0.100 0.549 0.150 0.000
20.738 -0.100 0.549 0.150 0.000
21.799 -0.122 0.456 0.150 0.000
22.854 -0.146 0.363 0.150 0.000
23.912 -0.169 0.270 0.150 0.000
25.013 -0.170 0.269 0.050 0.000
27.013 -0.170 0.269 0.050 1.000
28.013 -0.170 0.269 0.050 1.000
29.013 -0.170 0.269 0.050 1.000
31.113 -0.170 0.270 0.150 1.000
32.167 -0.147 0.362 0.150 1.000
33.234 -0.123 0.456 0.150 1.000
34.296 -0.101 0.550 0.150 1.000
34.396 -0.101 0.550 0.150 1.000
36.396 -0.101 0.550 0.150 0.000
37.396 -0.101 0.550 0.150 0.000
38.396 -0.101 0.550 0.150 0.000
39.496 -0.101 0.550 0.150 0.000
39.596 -0.101 0.550 0.150 0.000
39.696 -0.101 0.550 0.150 0.000
40.271 -0.100 0.502 0.150 0.000
40.843 -0.101 0.455 0.150 0.000
41.410 -0.101 0.408 0.150 0.000
42.507 -0.102 0.409 0.050 0.000
44.507 -0.102 0.409 0.050 1.000
45.507 -0.102 0.409 0.050 1.000
46.507 -0.102 0.409 0.050 1.000
48.603 -0.102 0.409 0.150 1.000
49.175 -0.102 0.456 0.150 1.000
49.749 -0.101 0.504 0.150 1.000
50.321 -0.101 0.551 0.150 1.000
50.421 -0.101 0.551 0.150 1.000
52.421 -0.101 0.551 0.150 0.000
53.421 -0.101 0.551 0.150 0.000
54.421 -0.101 0.551 0.150 0.000
55.521 -0.101 0.551 0.150 0.000
55.621 -0.101 0.551 0.150 0.000
55.721 -0.101 0.551 0.150 0.000
56.461 -0.077 0.492 0.150 0.000
57.185 -0.054 0.433 0.150 0.000
57.936 -0.030 0.373 0.150 0.000
59.035 -0.030 0.372 0.050 0.000
61.035 -0.030 0.372 0.050 1.000
62.035 -0.030 0.372 0.050 1.000
63.035 -0.030 0.372 0.050 1.000
65.132 -0.030 0.373 0.150 1.000
65.869 -0.054 0.432 0.150 1.000
66.607 -0.077 0.491 0.150 1.000
67.346 -0.101 0.550 0.150 1.000
67.446 -0.101 0.550 0.150 1.000
69.446 -0.101 0.550 0.150 0.000
70.446 -0.101 0.550 0.150 0.000
71.446 -0.101 0.550 0.150 0.000
72.546 -0.101 0.550 0.150 0.000
72.646 -0.101 0.550 0.150 0.000
72.746 -0.101 0.550 0.150 0.000
73.366 -0.054 0.528 0.150 0.000
74.000 -0.007 0.503 0.150 0.000
74.623 0.040 0.479 0.150 0.000
75.722 0.039 0.478 0.050 0.000
77.722 0.039 0.478 0.050 1.000
78.722 0.039 0.478 0.050 1.000
79.722 0.039 0.478 0.050 1.000
81.827 0.040 0.477 0.150 1.000
82.884 0.063 0.384 0.150 1.000
83.937 0.086 0.292 0.150 1.000
84.988 0.109 0.199 0.150 1.000
85.088 0.109 0.199 0.150 1.000
87.088 0.109 0.199 0.150 0.000
88.088 0.109 0.199 0.150 0.000
89.088 0.109 0.199 0.150 0.000
90.188 0.109 0.199 0.150 0.000
90.288 0.109 0.199 0.150 0.000
90.388 0.109 0.199 0.150 0.000
92.272 0.039 0.363 0.150 0.000
94.113 -0.030 0.523 0.150 0.000
95.965 -0.101 0.684 0.150 0.000
97.069 -0.100 0.683 0.050 0.000
99.069 -0.100 0.683 0.050 1.000
100.069 -0.100 0.683 0.050 1.000
101.069 -0.100 0.683 0.050 1.000
103.173 -0.100 0.684 0.150 1.000
105.032 -0.031 0.522 0.150 1.000
106.884 0.040 0.362 0.150 1.000
108.740 0.110 0.201 0.150 1.000
108.840 0.110 0.201 0.150 1.000
110.840 0.110 0.201 0.150 0.000
111.840 0.110 0.201 0.150 0.000
112.840 0.110 0.201 0.150 0.000
113.940 0.110 0.201 0.150 0.000
114.040 0.110 0.201 0.150 0.000
114.140 0.110 0.201 0.150 0.000
114.773 0.063 0.226 0.150 0.000
115.378 0.017 0.247 0.150 0.000
115.995 -0.029 0.269 0.150 0.000
117.099 -0.030 0.269 0.050 0.000
119.099 -0.030 0.269 0.050 1.000
120.099 -0.030 0.269 0.050 1.000
121.099 -0.030 0.269 0.050 1.000
123.205 -0.030 0.269 0.150 1.000
123.824 0.017 0.246 0.150 1.000
124.446 0.064 0.223 0.150 1.000
125.061 0.110 0.200 0.150 1.000
125.161 0.110 0.200 0.150 1.000
127.161 0.110 0.200 0.150 0.000
128.161 0.110 0.200 0.150 0.000
129.161 0.110 0.200 0.150 0.000
130.261 0.110 0.200 0.150 0.000
130.361 0.110 0.200 0.150 0.000
130.461 0.110 0.200 0.150 0.000
131.262 0.040 0.201 0.150 0.000
132.054 -0.029 0.200 0.150 0.000
132.852 -0.099 0.199 0.150 0.000
133.952 -0.100 0.200 0.050 0.000
135.952 -0.100 0.200 0.050 1.000
136.952 -0.100 0.200 0.050 1.000
137.952 -0.100 0.200 0.050 1.000
140.054 -0.099 0.199 0.150 1.000
140.856 -0.029 0.199 0.150 1.000
141.656 0.041 0.200 0.150 1.000
142.452 0.110 0.200 0.150 1.000
142.552 0.110 0.200 0.150 1.000
144.552 0.110 0.200 0.150 0.000
145.552 0.110 0.200 0.150 0.000
146.552 0.110 0.200 0.150 0.000
147.652 0.110 0.200 0.150 0.000
147.752 0.110 0.200 0.150 0.000
147.852 0.110 0.200 0.150 0.000
148.372 0.075 0.177 0.150 0.000
148.892 0.041 0.154 0.150 0.000
149.418 0.005 0.129 0.150 0.000
150.519 0.005 0.129 0.050 0.000
152.519 0.005 0.129 0.050 1.000
153.519 0.005 0.129 0.050 1.000
154.519 0.005 0.129 0.050 1.000
156.620 0.005 0.129 0.150 1.000
157.708 -0.030 0.036 0.150 1.000
158.794 -0.065 -0.056 0.150 1.000
159.888 -0.100 -0.149 0.150 1.000
159.988 -0.100 -0.149 0.150 1.000
161.988 -0.100 -0.149 0.150 0.000
162.988 -0.100 -0.149 0.150 0.000
163.988 -0.100 -0.149 0.150 0.000
165.088 -0.100 -0.149 0.150 0.000
165.188 -0.100 -0.149 0.150 0.000
165.288 -0.100 -0.149 0.150 0.000
166.181 -0.100 -0.070 0.150 0.000
167.099 -0.100 0.012 0.150 0.000
168.018 -0.100 0.094 0.150 0.000
169.120 -0.100 0.095 0.050 0.000
171.120 -0.100 0.095 0.050 1.000
172.120 -0.100 0.095 0.050 1.000
173.120 -0.100 0.095 0.050 1.000
175.222 -0.100 0.094 0.150 1.000
176.135 -0.100 0.013 0.150 1.000
177.051 -0.100 -0.068 0.150 1.000
177.969 -0.101 -0.150 0.150 1.000
178.069 -0.101 -0.150 0.150 1.000
180.069 -0.101 -0.150 0.150 0.000
181.069 -0.101 -0.150 0.150 0.000
182.069 -0.101 -0.150 0.150 0.000
183.169 -0.101 -0.150 0.150 0.000
183.269 -0.101 -0.150 0.150 0.000
183.369 -0.101 -0.150 0.150 0.000
184.460 -0.031 -0.080 0.150 0.000
185.558 0.040 -0.009 0.150 0.000
186.662 0.040 -0.010 0.050 0.000
188.662 0.040 -0.010 0.050 1.000
189.662 0.040 -0.010 0.050 1.000
190.662 0.040 -0.010 0.050 1.000
192.770 0.039 -0.010 0.150 1.000
193.527 -0.007 -0.057 0.150 1.000
194.287 -0.053 -0.104 0.150 1.000
195.038 -0.100 -0.150 0.150 1.000
195.143 -0.100 -0.150 0.150 1.000
195.243 -0.100 -0.150 0.150 1.000
197.243 -0.100 -0.150 0.150 0.000
198.243 -0.100 -0.150 0.150 0.000
199.243 -0.100 -0.150 0.150 0.000
200.343 -0.100 -0.150 0.150 0.000
200.443 -0.100 -0.150 0.150 0.000
200.543 -0.100 -0.150 0.150 0.000
201.292 -0.146 -0.104 0.150 0.000
202.055 -0.193 -0.057 0.150 0.000
202.817 -0.240 -0.010 0.150 0.000
203.918 -0.240 -0.010 0.050 0.000
205.918 -0.240 -0.010 0.050 1.000
206.918 -0.240 -0.010 0.050 1.000
207.918 -0.240 -0.010 0.050 1.000
210.022 -0.240 -0.009 0.150 1.000
210.783 -0.194 -0.056 0.150 1.000
211.548 -0.147 -0.103 0.150 1.000
212.309 -0.100 -0.149 0.150 1.000
212.809 -0.100 -0.149 0.150 0.000
213.809 -0.100 -0.149 0.150 0.000
214.809 -0.100 -0.149 0.150 0.000
