5.000 -0.240 0.550 0.225 0.000
5.100 -0.240 0.550 0.225 0.000
5.200 -0.240 0.550 0.225 0.000
5.300 -0.240 0.550 0.225 0.000
5.400 -0.240 0.550 0.225 0.000
5.751 -0.240 0.551 0.200 0.000
6.100 -0.240 0.550 0.175 0.000
6.446 -0.239 0.549 0.150 0.000
7.550 -0.239 0.549 0.050 0.000
9.550 -0.239 0.549 0.050 1.000
10.550 -0.239 0.549 0.050 1.000
11.550 -0.239 0.549 0.050 1.000
13.647 -0.239 0.548 0.150 1.000
14.203 -0.193 0.549 0.150 1.000
14.775 -0.146 0.549 0.150 1.000
15.338 -0.100 0.549 0.150 1.000
15.438 -0.100 0.549 0.150 1.000
17.438 -0.100 0.549 0.150 0.000
18.438 -0.100 0.549 0.150 0.000
19.438 -0.100 0.549 0.150 0.000
20.538 -0.100 0.549 0.150 0.000
20.638 -0.100 0.549 0.150 0.000
20.738 -0.100 0.549 0.150 0.000
21.799 -0.122 0.456 0.150 0.000
22.854 -0.146 0.363 0.150 0.000
23.912 -0.169 0.270 0.150 0.000
25.013 -0.170 0.269 0.050 0.000
27.013 -0.170 0.269 0.050 1.000
28.013 -0.170 0.269 0.050 1.000
29.013 -0.170 0.269 0.050 1.000
31.113 -0.170 0.270 0.150 1.000
32.167 -0.147 0.362 0.150 1.000
33.234 -0.123 0.456 0.150 1.000
34.296 -0.101 0.550 0.150 1.000
34.396 -0.101 0.550 0.150 1.000
36.396 -0.101 0.550 0.150 0.000
37.396 -0.101 0.550 0.150 0.000
38.396 -0.101 0.550 0.150 0.000
39.496 -0.101 0.550 0.150 0.000
39.596 -0.101 0.550 0.150 0.000
39.696 -0.101 0.550 0.150 0.000
40.271 -0.100 0.502 0.150 0.000
40.843 -0.101 0.455 0.150 0.000
41.410 -0.101 0.408 0.150 0.000
42.507 -0.102 0.409 0.050 0.000
44.507 -0.102 0.409 0.050 1.000
45.507 -0.102 0.409 0.050 1.000
46.507 -0.102 0.409 0.050 1.000
48.603 -0.102 0.409 0.150 1.000
49.175 -0.102 0.456 0.150 1.000
49.749 -0.101 0.504 0.150 1.000
50.321 -0.101 0.551 0.150 1.000
50.421 -0.101 0.551 0.150 1.000
52.421 -0.101 0.551 0.150 0.000
53.421 -0.101 0.551 0.150 0.000
54.421 -0.101 0.551 0.150 0.000
55.521 -0.101 0.551 0.150 0.000
55.621 -0.101 0.551 0.150 0.000
55.721 -0.101 0.551 0.150 0.000
56.413 -0.065 0.504 0.150 0.000
57.096 -0.031 0.457 0.150 0.000
57.805 0.005 0.407 0.150 0.000
58.904 0.005 0.406 0.050 0.000
60.904 0.005 0.406 0.050 1.000
61.904 0.005 0.406 0.050 1.000
62.904 0.005 0.406 0.050 1.000
65.003 0.005 0.407 0.150 1.000
65.696 -0.030 0.455 0.150 1.000
66.387 -0.065 0.502 0.150 1.000
67.084 -0.101 0.550 0.150 1.000
67.184 -0.101 0.550 0.150 1.000
69.184 -0.101 0.550 0.150 0.000
70.184 -0.101 0.550 0.150 0.000
71.184 -0.101 0.550 0.150 0.000
72.284 -0.101 0.550 0.150 0.000
72.384 -0.101 0.550 0.150 0.000
72.484 -0.101 0.550 0.150 0.000
73.103 -0.054 0.528 0.150 0.000
73.736 -0.007 0.503 0.150 0.000
74.359 0.040 0.479 0.150 0.000
75.458 0.039 0.478 0.050 0.000
77.458 0.039 0.478 0.050 1.000
78.458 0.039 0.478 0.050 1.000
79.458 0.039 0.478 0.050 1.000
81.562 0.040 0.477 0.150 1.000
82.620 0.063 0.384 0.150 1.000
83.672 0.086 0.292 0.150 1.000
84.723 0.109 0.199 0.150 1.000
84.823 0.109 0.199 0.150 1.000
86.823 0.109 0.199 0.150 0.000
87.823 0.109 0.199 0.150 0.000
88.823 0.109 0.199 0.150 0.000
89.923 0.109 0.199 0.150 0.000
90.023 0.109 0.199 0.150 0.000
90.123 0.109 0.199 0.150 0.000
92.007 0.039 0.363 0.150 0.000
93.848 -0.030 0.523 0.150 0.000
95.700 -0.101 0.684 0.150 0.000
96.804 -0.100 0.683 0.050 0.000
98.804 -0.100 0.683 0.050 1.000
99.804 -0.100 0.683 0.050 1.000
100.804 -0.100 0.683 0.050 1.000
102.908 -0.100 0.684 0.150 1.000
104.767 -0.031 0.522 0.150 1.000
106.619 0.040 0.362 0.150 1.000
108.475 0.110 0.201 0.150 1.000
108.575 0.110 0.201 0.150 1.000
110.575 0.110 0.201 0.150 0.000
111.575 0.110 0.201 0.150 0.000
112.575 0.110 0.201 0.150 0.000
113.675 0.110 0.201 0.150 0.000
113.775 0.110 0.201 0.150 0.000
113.875 0.110 0.201 0.150 0.000
114.436 0.068 0.219 0.150 0.000
114.976 0.026 0.233 0.150 0.000
116.079 0.026 0.234 0.050 0.000
118.079 0.026 0.234 0.050 1.000
119.079 0.026 0.234 0.050 1.000
120.079 0.026 0.234 0.050 1.000
122.185 0.025 0.235 0.150 1.000
122.603 0.054 0.223 0.150 1.000
123.003 0.082 0.211 0.150 1.000
123.404 0.110 0.199 0.150 1.000
123.508 0.110 0.200 0.150 1.000
123.608 0.110 0.200 0.150 1.000
125.608 0.110 0.200 0.150 0.000
126.608 0.110 0.200 0.150 0.000
127.608 0.110 0.200 0.150 0.000
128.708 0.110 0.200 0.150 0.000
128.808 0.110 0.200 0.150 0.000
128.908 0.110 0.200 0.150 0.000
129.547 0.086 0.248 0.150 0.000
130.149 0.063 0.293 0.150 0.000
130.772 0.040 0.340 0.150 0.000
131.875 0.040 0.340 0.050 0.000
133.875 0.040 0.340 0.050 1.000
134.875 0.040 0.340 0.050 1.000
135.875 0.040 0.340 0.050 1.000
137.981 0.040 0.340 0.150 1.000
138.605 0.062 0.293 0.150 1.000
139.230 0.086 0.246 0.150 1.000
139.852 0.109 0.199 0.150 1.000
139.952 0.109 0.199 0.150 1.000
141.952 0.109 0.199 0.150 0.000
142.952 0.109 0.199 0.150 0.000
143.952 0.109 0.199 0.150 0.000
145.052 0.109 0.199 0.150 0.000
145.152 0.109 0.199 0.150 0.000
145.252 0.109 0.199 0.150 0.000
145.766 0.074 0.176 0.150 0.000
146.281 0.040 0.153 0.150 0.000
146.802 0.005 0.129 0.150 0.000
147.902 0.005 0.129 0.050 0.000
149.902 0.005 0.129 0.050 1.000
150.902 0.005 0.129 0.050 1.000
151.902 0.005 0.129 0.050 1.000
154.004 0.005 0.129 0.150 1.000
155.092 -0.030 0.036 0.150 1.000
156.179 -0.065 -0.056 0.150 1.000
157.273 -0.100 -0.149 0.150 1.000
157.373 -0.100 -0.149 0.150 1.000
159.373 -0.100 -0.149 0.150 0.000
160.373 -0.100 -0.149 0.150 0.000
161.373 -0.100 -0.149 0.150 0.000
162.473 -0.100 -0.149 0.150 0.000
162.573 -0.100 -0.149 0.150 0.000
162.673 -0.100 -0.149 0.150 0.000
163.597 -0.077 -0.070 0.150 0.000
164.544 -0.054 0.012 0.150 0.000
165.497 -0.031 0.094 0.150 0.000
166.600 -0.031 0.094 0.050 0.000
168.600 -0.031 0.094 0.050 1.000
169.600 -0.031 0.094 0.050 1.000
170.600 -0.031 0.094 0.050 1.000
172.702 -0.030 0.094 0.150 1.000
173.646 -0.054 0.013 0.150 1.000
174.592 -0.077 -0.069 0.150 1.000
175.544 -0.101 -0.150 0.150 1.000
175.644 -0.101 -0.150 0.150 1.000
177.644 -0.101 -0.150 0.150 0.000
178.644 -0.101 -0.150 0.150 0.000
179.644 -0.101 -0.150 0.150 0.000
180.744 -0.101 -0.150 0.150 0.000
180.844 -0.101 -0.150 0.150 0.000
180.944 -0.101 -0.150 0.150 0.000
182.036 -0.031 -0.080 0.150 0.000
183.135 0.040 -0.009 0.150 0.000
184.240 0.040 -0.010 0.050 0.000
186.240 0.040 -0.010 0.050 1.000
187.240 0.040 -0.010 0.050 1.000
188.240 0.040 -0.010 0.050 1.000
190.347 0.039 -0.010 0.150 1.000
191.104 -0.007 -0.057 0.150 1.000
191.865 -0.053 -0.104 0.150 1.000
192.616 -0.100 -0.149 0.150 1.000
192.720 -0.100 -0.150 0.150 1.000
192.820 -0.100 -0.150 0.150 1.000
194.820 -0.100 -0.150 0.150 0.000
195.820 -0.100 -0.150 0.150 0.000
196.820 -0.100 -0.150 0.150 0.000
197.920 -0.100 -0.150 0.150 0.000
198.020 -0.100 -0.150 0.150 0.000
198.120 -0.100 -0.150 0.150 0.000
198.900 -0.099 -0.082 0.150 0.000
199.707 -0.100 -0.011 0.150 0.000
200.517 -0.100 0.060 0.150 0.000
201.621 -0.100 0.061 0.050 0.000
203.621 -0.100 0.061 0.050 1.000
204.621 -0.100 0.061 0.050 1.000
205.621 -0.100 0.061 0.050 1.000
207.724 -0.100 0.060 0.150 1.000
208.524 -0.100 -0.009 0.150 1.000
209.327 -0.100 -0.080 0.150 1.000
210.128 -0.101 -0.150 0.150 1.000
210.628 -0.101 -0.150 0.150 0.000
211.628 -0.101 -0.150 0.150 0.000
212.628 -0.101 -0.150 0.150 0.000
